KDE RGB Palette
#
192 192 0 
128 128 0 
133 153 0 
181 137 0 
38 139 210 
211 54 130 
42 161 152 
133 153 0 
181 137 0 
38 139 210 
42 161 152 
211 54 130 
190 218 0 
153 17 69 
153 153 153 
59 68 0 
60 99 47 
84 139 66 
92 171 100 
171 166 87 
208 198 135 
14 41 44 
255 255 255 
38 38 38 
32 32 32 
95 95 95 
18 18 18 
28 28 28 
38 38 38 
48 48 48 
32 32 32 
38 38 38 
107 138 176 
91 117 149 
28 28 28 
28 28 28 
38 38 38 
38 38 38 
108 122 128 
197 200 198 
197 200 198 
94 141 135 
138 190 183 
133 103 143 
178 148 187 
95 129 157 
129 162 190 
222 147 95 
240 198 116 
140 148 64 
181 189 104 
165 66 66 
204 102 102 
35 44 49 
197 200 198 
197 200 198 
45 60 70 
66 80 89 
